-2 -14 -30
-27 20 23
29 -24 12
-11 29 -7
27 18 25
-1 -24 13
2 17 -26
2 -15 -27
-6 27 19
1 -11 -2
2 3 19
-14 22 -28
20 15 -29
-20 11 -23
2 17 -11
-2 -5 -22
-11 6 -19
20 11 -17
14 -4 -28
15 25 -19
-10 29 21
-4 15 30
-26 17 26
-10 7 1
-9 -13 24
-2 -5 1
-26 -16 -1
18 19 -25
12 -25 -16
-12 -7 9
1 -19 27
-5 -14 -18
-24 17 -3
3 29 13
10 -16 29
9 -7 10
-29 -4
-22 7 22
10 -25 15
-7 20 -3
-30 30 -16
-25 8 -7
-19 17 20
-26 26 -19
10 -19 13
21 27 -2
23 -14 -29
17 -14 19
11 -17 27
-25 -2 12
20 12 18
-7 -27 -4
20 28 29
27 -22 -17
26 -30 12
2 26 19
28 -24 -18
-11 3 30
11 -3 -10
-30 -24 -1
16 30 -27
-30 -18 19
5 2 -18
13 -20 2
5 30 -13
-25 -14 14
28 2 30
8 -1 20
25 -26 -13
-28 8
29 22 -12
20 -3 10
8 24 21
-7 5 -5
-23 -25 21
-25 28 -20
-4 -16 10
-16 3 -1
-12 -16 9
-26 10 -27
10 2 -13
-6 -9 14
-21 -7 -25
13 -1 -11
-5 18 6
22 -28 15
2 19 -30
16 9 -5
-24 25 1
22 9 -21
-21 28 -6
27 -3 6
10 -29 -1
-22 -13 14
18 4
-18 -22 -9
27 -25 26
-29 -16 10
-27 -22 -4
-28 7 -22
-12 -27 -26
-22 22 -25
-16 -8 20
24 -16 -23
-1 28 -5
-18 -12 30
24 -16 4
-25 -21 7
30 -17 6
30 -3 11
20 -26 14
-26 9 -17
2 7 20
28 -16 12
-28 26 -6
19 -17 30
16 -15 -2
9 3 -16
-2 -10 28
-9 23 3